1.15386 0 -9.568080460617866e-13 0.009821757298765596 3.3733936799178332
1.153910000000007 0 -1.7624852949971957e-13 0.009553907146289854 3.373386409456305
1.153960000000014 0 -1.6699304624930718e-13 0.009285965707130792 3.373379335847983
1.154010000000021 0 -1.7346030706464002e-13 0.009017932784274558 3.373372459342703
1.154060000000028 0 -1.7791838465855936e-13 0.00874980818140121 3.373365780333118
1.154110000000035 0 -2.1191995571835982e-13 0.008481591701824819 3.373359299001439
1.154160000000042 0 -1.661722991032732e-13 0.008213283148214142 3.37335301575294
1.154210000000049 0 -1.7774049758447958e-13 0.007944882323171571 3.373346930827239
1.154260000000056 0 -1.622185056619284e-13 0.007676389028513834 3.373341044520917
1.154310000000063 0 -1.7169530306827227e-13 0.007407803065836029 3.3733353571903324
1.15436000000007 0 -1.6111716905179602e-13 0.007139124236124463 3.373329869095465
